# Probe 0 (5.57815e-05 -0.000132137 -0.00548509)
# Probe 1 (7.829730000000001e-05 -0.000125102 -0.0112403)
# Probe 2 (5.43567e-05 -0.000111584 -0.0167301)
# Probe 3 (4.28038e-05 -0.000110016 -0.0223624)
# Probe 4 (5.45815e-05 -0.00012715 -0.0279318)
# Probe 5 (3.90033e-05 -0.00011044 -0.0353926)
# Probe 6 (3.00991e-05 -0.000119329 -0.0409582)
# Probe 7 (0.000503241 -7.83235e-06 -0.0465644)
# Probe 8 (0.00327551 -0.00159194 -0.0511281)
# Probe 9 (0.00625679 -0.00164535 -0.0556714)
# Probe 10 (0.008886720000000001 0.000638518 -0.0624975)
# Probe 11 (0.009768539999999999 0.00163338 -0.0678893)
# Probe 12 (0.0091226 0.00225801 -0.07347339999999999)
# Probe 13 (0.00911004 0.00348724 -0.07878209999999999)
# Probe 14 (0.0108552 0.00572694 -0.08361349999999999)
# Probe 15 (0.0127782 0.00893439 -0.09008579999999999)
# Probe 16 (0.012786 0.0109647 -0.095287)
# Probe 17 (0.0132108 0.0132366 -0.100482)
# Probe 18 (0.014068 0.0158324 -0.105157)
# Probe 19 (0.0142335 0.0204698 -0.112041)
# Time                  0                       1                       2                       3                       4                       5                       6                       7                       8                       9                       10                      11                      12                      13                      14                      15                      16                      17                      18                      19                     
0                       0                       0                       0                       0                       0                       0                       0                       0                       0                       0                       0                       0                       0                       0                       0                       0                       0                       0                       0                       0                      
0.01354264403047396     -0.2090407866493967     -0.2057608073006427     -0.2015604363796324     -0.1984338361622409     -0.1942735620073991     -0.1890812431933472     -0.1860097674564726     -0.1819710328598047     -0.1787467284531911     -0.1747905031880895     -0.1689189662657258     -0.1640742606154335     -0.1614420709272908     -0.1587562204054405     -0.1553291591439072     -0.1513502475786069     -0.1482441215573345     -0.1442787000511404     -0.1401854129194072     -0.1339728476277746    
0.02460281946340217     -0.1045788346861097     -0.1029007833496616     -0.1006941552549029     -0.09904895428475184    -0.0968602888431622     -0.0941197776355891     -0.09247336852254086    -0.09033322889072724    -0.08867636978767908    -0.08666026305345739    -0.08355364742757565    -0.08089171019141721    -0.07936047179773838    -0.07805839131549348    -0.0772032617301702     -0.07644817723637638    -0.07531195967776089    -0.07330511289106378    -0.07174879617794021    -0.07417825814957166   
0.03390284537670292     -0.08230363769975936    -0.08070759248031237    -0.07857783516693079    -0.07698831701024388    -0.07487295797872057    -0.07221976338762691    -0.07061645811955453    -0.06853400113758217    -0.06694507467447308    -0.06502311196372178    -0.06203631719532975    -0.05946939894060023    -0.05788743590090416    -0.05679374484825916    -0.05722830720113049    -0.05757059219675905    -0.05676970572161573    -0.05526276268745351    -0.05519160930650853    -0.06665914282124592   
0.04042017652986086     0.4012046714190002      0.3952246299706892      0.3879645772685092      0.3825919160406289      0.375460031489846       0.3665644340315892      0.3613553217573678      0.3544869782017094      0.3489308346223154      0.3420933278892654      0.3322382554976243      0.324263011443265       0.3202896255591693      0.3148346585910907      0.3030140823493331      0.2915744875197495      0.2851578901590055      0.2771314389107172      0.2641123630069401      0.2095149799490608     
0.04412276748710195     0.6560309018593712      0.6508360578707389      0.64460983969561        0.6400074068350178      0.6338893787072841      0.6262974551093455      0.6218990336904671      0.6159652442443647      0.6111468888079065      0.6051514627416498      0.5958571262006904      0.5870294232365955      0.5841477622445316      0.5765463298757988      0.5480895069533909      0.525524092362645       0.517824848137116       0.5055841147560226      0.4741992419365036      0.2933012390736056     
0.04584858203550812     2.336926375361814       2.33146701301925        2.325180175069395       2.320532397229448       2.31435397252483        2.306702430897704       2.302276448622195       2.296253256313817       2.291410486690028       2.284743458030279       2.270481805979607       2.249753629722471       2.249473931481063       2.225798684620086       2.096192350751346       1.999882839793095       1.977896312999041       1.93136151955972        1.799856752144902       0.9168242794569924     
0.04656876705309897     13.03612829648485       13.03012120770225       13.02379766262686       13.0191167680884        13.01292282888244       13.00531618912031       13.00094925993744       12.99485269220282       12.99006488005886       12.97910284945217       12.9314917809936        12.82615291842374       12.83920326317323       12.70925470542064       11.91725664599997       11.32164089984744       11.18078343070639       10.9170525685503        10.2198443547477        4.843613696288648      
0.0468518670685249      87.19268035215497       87.18535370227994       87.17892386942567       87.17413968861077       87.1680269980728        87.1609410809485        87.15704441641512       87.15054243731828       87.14553795031482       87.10363477697845       86.82022223824184       86.10756332062989       86.20077304489895       85.33229393388136       79.91979618560146       75.74856928602601       74.62625293525332       72.60846692804084       67.79660059490786       31.56653754483485      
0.04695963078060685     621.6863210682723       621.6753640312082       621.6682593709659       621.6628796173381       621.6575580939957       621.6537496024869       621.6523035440275       621.6413731491667       621.6258240852046       621.3490214483186       619.3373554555137       614.1110274527747       614.7133837066759       608.639144706869        570.0977736033108       539.596836877691        531.002518081371        514.5756460846495       476.5507301529104       219.7195505682922      
0.04700000061634738     4509.833451307949       4509.808775527245       4509.797470973493       4509.787846082725       4509.787700570605       4509.808144917617       4509.820934361309       4509.769257039282       4509.627804133848       4507.546614935304       4492.907028198647       4454.464138328217       4458.794330672957       4415.700693371873       4134.748654860179       3910.731086690066       3848.107426137296       3719.78826486516        3423.919965715788       1573.269724285012      
0.04701502466633693     32923.34383574465       32923.24876174818       32923.19723489509       32923.15380584934       32923.19381487511       32923.33907269422       32923.33568230562       32922.77508388407       32920.27463423395       32903.13058924331       32800.72365314572       32516.16051629345       32519.91318996976       32188.0530771193        30063.9315975441        28397.03543396627       27941.26383477989       26991.98382922091       24802.16204832773       11396.3899702495       
0.04702059920599914     243241.2097797337       243240.6722565542       243240.2990895732       243239.9908438114       243240.2762963198       243241.317948742        243240.8364272808       243235.1315863446       243213.8809769418       243092.2784803208       242418.5598105894       240613.5059282295       240492.523663684        237689.4297870302       221671.4456352281       209339.3570393165       206012.2684422999       198985.3656719688       182963.0752151932       85432.57505015796      
0.04702266543781577     1830646.328130006       1830642.55686608        1830639.501215279       1830636.171718985       1830634.405872927       1830616.62992906        1830550.953045497       1830282.111445526       1829454.806802897       1827041.910863145       1823879.291491199       1820402.421695622       1823017.5737677         1799381.914382972       1681146.480646899       1591064.090984429       1566857.362030673       1515338.213915854       1398426.86635886        687830.215883135       
0.04702343095991299     15659413.74630763       15659390.4268985        15659352.21766717       15659273.57578818       15659023.86558364       15657448.27401238       15653472.05067569       15640080.84273699       15590344.0241442        15473091.07720692       15472932.74316645       15597526.26344723       15665556.29831293       15457347.37363232       14582466.53326225       13922940.42950242       13746659.92661284       13369504.03233448       12517046.89541771       7339540.584714084      
0.04702371451440953     215651573.1809042       215651448.8631215       215651029.7755302       215650342.4680641       215648649.482951        215639303.350847        215613893.5630584       215512860.9039886       215147164.8769993       214340423.3602147       214665730.2519766       216218973.6907935       216942585.2374538       215279555.5408685       208848819.0709696       204030276.0420594       202752348.6267222       199989741.731615        193772411.0715699       156084163.1034322      
0.0470238194826209      2730118395.640866       2730118846.268466       2730118735.92857        2730116568.566994       2730110030.609618       2730073861.914357       2729959627.347517       2729145542.107123       2726469700.833174       2720473291.952403       2725585020.452477       2739356855.376965       2745532010.430371       2733176365.298732       2686305672.549678       2651265194.055867       2641984521.165351       2621635660.822739       2576209977.787831       2302914562.415316      
0.04702385855018397     22753509538.92613       22753511313.53453       22753508565.69026       22753500075.21748       22753475337.48719       22753275201.96541       22752540405.58692       22746266691.6871        22726154452.39238       22685205860.84838       22732783951.82048       22839510926.72375       22886491547.0458        22797030545.68472       22459414193.85109       22208739017.88983       22142670881.10834       21994934060.08592       21665367974.26488       19688554472.84666      
0.04702387299607023     171413460641.4188       171413502502.8009       171413513525.3019       171413546291.3983       171413765948.8856       171414273696.0532       171412870405.2782       171348336220.4984       171173370330.18         170850749175.1149       171216175885.9698       172014762095.9035       172365681417.645        171707565487.9861       169222766361.5918       167375357013.5731       166888177788.4116       165800347960.8579       163373614780.8714       148819536037.9837      
0.04702387831661134     1268454819480.25        1268455344812.937       1268456203089.558       1268457882480.569       1268464325247.575       1268487627066.185       1268508314998.533       1267745911916.781       1266093396102.508       1263437675471.38        1266079108042.714       1271998157716.067       1274597051653.141       1269746520957.016       1251428504531.924       1237805400537.236       1234212985045.256       1226198780623.825       1208323506783.989       1101058610623.164      
0.04702388027644532     9360059481364.309       9360064272468.439       9360074673022.666       9360094305746.627       9360160528638.396       9360325026806.242       9360170261912.906       9351807262821.402       9337048675722.455       9316717341970.133       9336260038765.59        9379900191762.012       9399049353501.715       9363310248422.793       9228317409350.248       9127917712884.082       9101443077767.305       9042406604787.531       8910711060686.033       8120322265254.34       
0.04702388099843696     69036959639563.55       69037000242190.12       69037098433228.04       69037274374729.38       69037847461312.03       69038725866297.67       69034548770833.34       68953214105421.09       68827226572746.81       68675165102514.3        68820271411545.71       69141662054568.5        69282597582031.76       69019271329521.5        68024552101995.73       67284673745290.78       67089603797373.44       66654663123765.38       65684361286756.42       59860700854719.5       
0.04702388126442044     509011256930085.2       509011567165914.8       509012382646616.3       509013847071537.4       509018360012030.4       509023075535819         508979736943616.2       508299642176315.9       507304470313992.8       506173942134636.9       507245142129653.5       509612786043301.2       510650741805364.1       508710675750563.1       501381069435958.8       495928973836540.1       494491386812333.9       491287101950985.6       484137800275232.9       441229787503625.1      
0.04702388136241062     3752114563467440        3752117060037733        3752123229468452        3752134358690856        3752168240806775        3752195028841596        3751828084047260        3746471044040614        3738872026328232        3730479846528144        3738362522052684        3755806194169432        3763452335256054        3749158154584258        3695152585683244        3654979419305490        3644386401119168        3620777541377903        3568102454603352        3251963903086171       
0.04702388139851123     2.765459488420978e+16   2.765461554474883e+16   2.765466061119802e+16   2.765474217686174e+16   2.765499212516244e+16   2.765514877478801e+16   2.76521962331166e+16    2.76109703915507e+16    2.755366874035167e+16   2.749146011372319e+16   2.75494511037263e+16    2.76779940665393e+16    2.773433638686528e+16   2.762902550827094e+16   2.723112838857473e+16   2.69351372904725e+16    2.685710220447012e+16   2.668317829545255e+16   2.629512748795174e+16   2.396593939182908e+16  
0.04702388141181117     2.037846208383599e+17   2.037847623863178e+17   2.037851069266213e+17   2.037857171201585e+17   2.037875597886312e+17   2.037883741524015e+17   2.037650319276498e+17   2.034506495465223e+17   2.030209103305097e+17   2.025604866533879e+17   2.02987603352018e+17    2.039353619299907e+17   2.043508851637616e+17   2.035753833474853e+17   2.006442787996757e+17   1.984640507191784e+17   1.978895638558757e+17   1.966088490154815e+17   1.937503995387395e+17   1.765908143570074e+17  
0.04702388141671105     1.501741478138203e+18   1.501742535962414e+18   1.501745105734858e+18   1.501749603719755e+18   1.501763172786276e+18   1.501767379269846e+18   1.501585979110255e+18   1.49920236052497e+18    1.495984767046541e+18   1.492577983693769e+18   1.495720583539757e+18   1.502703890320575e+18   1.505765479011158e+18   1.500051961869684e+18   1.478456568812826e+18   1.462392965616751e+18   1.458160123067976e+18   1.44872493853102e+18    1.427665738105111e+18   1.301241631937001e+18  
0.04702388141851624     1.106639161839271e+19   1.106640014784477e+19   1.106641887077448e+19   1.10664522985237e+19    1.10665524863534e+19    1.106657431406784e+19   1.106518776794434e+19   1.104725321673059e+19   1.102326170270295e+19   1.099807428535631e+19   1.102119965945492e+19   1.107264942056037e+19   1.109520347153143e+19   1.105310885042888e+19   1.08940023702268e+19    1.077565206837289e+19   1.074446953955294e+19   1.067496196459066e+19   1.051982188428853e+19   9.588400410878652e+18  
0.0470238814191813      8.154453207069121e+19   8.154458837559353e+19   8.154473114313549e+19   8.154497898540682e+19   8.154571880440146e+19   8.15458321749573e+19    8.153536937784322e+19   8.140128979860224e+19   8.122301945368841e+19   8.103693713982035e+19   8.120714248892337e+19   8.158618852119385e+19   8.175235430919432e+19   8.144220573677303e+19   8.026995726674241e+19   7.939795741263149e+19   7.916817773203487e+19   7.865604142925339e+19   7.751296737405534e+19   7.065064875783496e+19  
0.04702388141942632     6.009143200342656e+20   6.009147410659584e+20   6.009158019774672e+20   6.009176720910715e+20   6.009231492861438e+20   6.009236700313333e+20   6.00845181432381e+20    5.998472454737878e+20   5.985258429763921e+20   5.971509022179082e+20   5.984023213344474e+20   6.011918964558573e+20   6.024143322858475e+20   6.001278573552848e+20   5.914892084624414e+20   5.850623401443974e+20   5.833677618922891e+20   5.795934346758787e+20   5.711701798648317e+20   5.20609995824973e+20   
0.04702388141951658     4.427771077434434e+21   4.427774530554687e+21   4.427782129403192e+21   4.427795622464728e+21   4.427835767285006e+21   4.427838711429431e+21   4.427253598559042e+21   4.419846487966492e+21   4.410068796840337e+21   4.399926461914432e+21   4.409141063498782e+21   4.429694583507556e+21   4.438701486919961e+21   4.421856377948441e+21   4.358212987893779e+21   4.310864062332629e+21   4.298379898290673e+21   4.270567938048001e+21   4.208509129792073e+21   3.836005060524106e+21  
0.04702388141954984     3.262191430551663e+22   3.262193944572326e+22   3.262199595945796e+22   3.262209707930566e+22   3.26223938573177e+22    3.262240596597322e+22   3.261805133460512e+22   3.256318218064555e+22   3.249090642736567e+22   3.241611762063666e+22   3.248399845226423e+22   3.263541912793367e+22   3.270177321017327e+22   3.257766835672868e+22   3.210877490920803e+22   3.175992953563566e+22   3.166794308112316e+22   3.146305509440907e+22   3.100583941932762e+22   2.826146375732967e+22  
0.04702388141956209     2.403464644177603e+23   2.403466468708001e+23   2.403470622602805e+23   2.403477949107115e+23   2.403499742748778e+23   2.403500346490932e+23   2.403177528262553e+23   2.399119049136413e+23   2.393781255117331e+23   2.388267118836977e+23   2.393267452525021e+23   2.404423365702084e+23   2.409311865101556e+23   2.400168135598681e+23   2.365622544875932e+23   2.339921071955438e+23   2.333145243825693e+23   2.318051477327949e+23   2.284366345072498e+23   2.08217748840183e+23   
0.0470238814195666      1.770810159898568e+24   1.77081141064197e+24    1.770814559043876e+24   1.77082010303064e+24    1.770836253513706e+24   1.77083617733813e+24    1.770597144101423e+24   1.767598554009241e+24   1.763659495331635e+24   1.759594151602424e+24   1.763279027378087e+24   1.771497466051381e+24   1.775098760288343e+24   1.768362209346691e+24   1.742910693882954e+24   1.723975275578182e+24   1.718981955355056e+24   1.707861455678797e+24   1.683046220094122e+24   1.53408664468843e+24   
0.04702388141956827     1.304609158660837e+25   1.30461012696157e+25    1.304612404977339e+25   1.304616396739172e+25   1.304628237403445e+25   1.304628216128396e+25   1.304451736179431e+25   1.302238096286288e+25   1.299332037179482e+25   1.296336080639502e+25   1.299050514898352e+25   1.305105753193376e+25   1.307759130825362e+25   1.302796059766794e+25   1.28404521764066e+25    1.270094883841276e+25   1.266417135976178e+25   1.258224660798849e+25   1.23994163294454e+25    1.130197191034056e+25  
0.04702388141956889     9.611591289747539e+25   9.611598792784578e+25   9.611615391122808e+25   9.611644529294215e+25   9.611731603281074e+25   9.611731310676954e+25   9.610428401573552e+25   9.594097292451506e+25   9.572668250458691e+25   9.550587907882626e+25   9.570587358261943e+25   9.615197052160576e+25   9.63474440639008e+25    9.598179030184991e+25   9.460034466511869e+25   9.357257827788603e+25   9.330162834874529e+25   9.269807403177372e+25   9.135107447081185e+25   8.326582635338611e+25  
0.04702388141956911     7.081871151936254e+26   7.08187664290837e+26    7.08188894561753e+26    7.081910963096875e+26   7.081975431302709e+26   7.081974252971006e+26   7.081011302353457e+26   7.068967798810984e+26   7.053169292546732e+26   7.036900672066315e+26   7.051634316509695e+26   7.084501237777661e+26   7.098903105719073e+26   7.071964912910806e+26   6.970187715199238e+26   6.894467956542979e+26   6.874500073631082e+26   6.830015876987661e+26   6.730770624934508e+26   6.135078108578691e+26  
0.0470238814195692      5.217477233298543e+27   5.217481047579801e+27   5.217490246968548e+27   5.217506549223032e+27   5.217554111505087e+27   5.217552926770718e+27   5.216842333930698e+27   5.207962488431784e+27   5.196317679005653e+27   5.184330777542966e+27   5.195186685404499e+27   5.219399379428025e+27   5.230009124021572e+27   5.210162396150842e+27   5.135178903462616e+27   5.079393334269008e+27   5.0646819655757e+27     5.031910781829349e+27   4.958789131405465e+27   4.519918038579778e+27  
0.0470238814195692      3.843607287670932e+28   3.843610041680163e+28   3.843616861874586e+28   3.843628887436879e+28   3.843663942020663e+28   3.843662916177859e+28   3.843138816495309e+28   3.836592874601595e+28   3.828010522647351e+28   3.81917882236751e+28    3.827176464272532e+28   3.845015881645702e+28   3.852832836566076e+28   3.838211169630094e+28   3.782967721063687e+28   3.741868000071955e+28   3.7310334599832e+28     3.706899240642892e+28   3.653036520343613e+28   3.329719453270639e+28  
0.0470238814195692      2.831819478131194e+29   2.831821541020566e+29   2.831826576811404e+29   2.831835444378964e+29   2.831861285216665e+29   2.831860489677345e+29   2.8314740831241e+29     2.826649566081644e+29   2.820325351724786e+29   2.813818256146421e+29   2.819710549952146e+29   2.832852917636627e+29   2.838611749435398e+29   2.827839359234821e+29   2.787139475090068e+29   2.756859895429105e+29   2.748875957881352e+29   2.731094308045604e+29   2.691413555453226e+29   2.453212948953107e+29  
0.0470238814195692      2.086328568908534e+30   2.086330013509537e+30   2.08633372188968e+30    2.086340107633984e+30   2.086359047674058e+30   2.08635858020742e+30    2.08607392283994e+30    2.08251819618346e+30    2.077857566800202e+30   2.073063189286447e+30   2.077404174897749e+30   2.08708710064615e+30    2.091330214932878e+30   2.083393644376737e+30   2.053408892345333e+30   2.031100742776926e+30   2.025219564964188e+30   2.012117732897306e+30   1.982880232150395e+30   1.807385912782397e+30  
0.0470238814195692      1.537031912843073e+31   1.537033087185216e+31   1.537035771314544e+31   1.537040560329871e+31   1.537054564166617e+31   1.537054165864859e+31   1.53684428314381e+31    1.534224108159853e+31   1.530789861061311e+31   1.527257739109005e+31   1.53045596626402e+31    1.537589324719327e+31   1.540715000488247e+31   1.534867898756876e+31   1.512776797235201e+31   1.49634155271835e+31    1.492008563715259e+31   1.482357288283386e+31   1.460818118513827e+31   1.331527733664836e+31  
0.0470238814195692      1.13243280758234e+32    1.132433616778193e+32   1.132435630139978e+32   1.132439174801999e+32   1.132449501147528e+32   1.132449155890411e+32   1.132294421587475e+32   1.130363635120144e+32   1.127833244916385e+32   1.125231009981889e+32   1.127587290492463e+32   1.13284293806484e+32    1.135145955660481e+32   1.130838225401532e+32   1.114562889071755e+32   1.102454425950343e+32   1.099261897100643e+32   1.092150729871528e+32   1.076282235385477e+32   9.810278063611695e+31  
0.0470238814195692      8.343444877856157e+32   8.343451191765358e+32   8.3434658479502e+32     8.343491892302955e+32   8.343567944119246e+32   8.343565594062266e+32   8.342425573340272e+32   8.328199230341738e+32   8.309555547843872e+32   8.290382496583225e+32   8.307742161639e+32      8.346461154229972e+32   8.363427408569732e+32   8.331690923697399e+32   8.21178525808832e+32    8.122578845497861e+32   8.099053504672031e+32   8.046643206351287e+32   7.929711054870282e+32   7.227907124566516e+32  
0.0470238814195692      6.147186718670103e+33   6.147191386290185e+33   6.147202074653806e+33   6.147220948693815e+33   6.147276774091945e+33   6.147275389589616e+33   6.146435804183805e+33   6.135953229312715e+33   6.122215407066811e+33   6.108089835091227e+33   6.120878559445593e+33   6.149405726761966e+33   6.161906123699619e+33   6.13852461530233e+33    6.050186299693045e+33   5.984464247418912e+33   5.967132900065532e+33   5.928511335309419e+33   5.842353319673144e+33   5.325295392935798e+33  
0.0470238814195692      4.528845886556515e+34   4.528849411731693e+34   4.528857280242508e+34   4.528871361354293e+34   4.528912592496951e+34   4.528911373270912e+34   4.528292461230488e+34   4.520568836101671e+34   4.510446697335922e+34   4.500040031411162e+34   4.509462230409099e+34   4.53047789689667e+34    4.539686557246557e+34   4.522460433555504e+34   4.457377940035836e+34   4.408958474797606e+34   4.396190253963896e+34   4.367739493439363e+34   4.304270442280241e+34   3.923340941327577e+34  
0.0470238814195692      3.336440815785164e+35   3.336442979063961e+35   3.33644904616861e+35    3.336459560848307e+35   3.336490042374151e+35   3.336488782091367e+35   3.336032348240822e+35   3.330341451127552e+35   3.322884302723877e+35   3.315217726356932e+35   3.322159948057939e+35   3.337643626069629e+35   3.344428710395536e+35   3.331737754593318e+35   3.283788671509058e+35   3.248115549178892e+35   3.23870744258053e+35    3.21774967331684e+35    3.170991184116248e+35   2.890348804010495e+35  
0.0470238814195692      2.458094502628205e+36   2.458096276376391e+36   2.458100629502498e+36   2.458108318846957e+36   2.458130736187996e+36   2.458129951370424e+36   2.45779382570363e+36    2.453601098218883e+36   2.448106978423392e+36   2.442458448973634e+36   2.44757274296731e+36    2.458979884677887e+36   2.463978335577207e+36   2.454628416390133e+36   2.419302743951207e+36   2.39302148807334e+36    2.386091234385111e+36   2.370650433440507e+36   2.336199920702396e+36   2.129439786243869e+36  
0.0470238814195692      1.81097951712603e+37    1.810980816579739e+37   1.810984017923634e+37   1.810989554590959e+37   1.811005991407607e+37   1.811005549058112e+37   1.810758062382462e+37   1.807668869394045e+37   1.803620693284749e+37   1.799458959397912e+37   1.803226882611807e+37   1.811631347632019e+37   1.815314247960433e+37   1.808425757193068e+37   1.782400398972567e+37   1.763038059415751e+37   1.757932288192957e+37   1.746556538269607e+37   1.721177772263018e+37   1.56885142671589e+37   
0.0470238814195692      1.334246161571647e+38   1.334247204712229e+38   1.334249513909868e+38   1.334253566171064e+38   1.33426565896681e+38    1.334265402955836e+38   1.334083167043043e+38   1.331807266365129e+38   1.328824578618026e+38   1.325758414579925e+38   1.328534490736698e+38   1.334726111168924e+38   1.337439233598971e+38   1.332364252757029e+38   1.31319058076184e+38    1.298925858151094e+38   1.295164358779629e+38   1.286781585356868e+38   1.2680814064109e+38     1.155853631625294e+38  
0.0470238814195692      9.829452577526945e+38   9.829460024597469e+38   9.829477110844389e+38   9.829507364456773e+38   9.829596672780959e+38   9.829594313336756e+38   9.828251033380711e+38   9.811483114812283e+38   9.78950867173701e+38    9.766920113366894e+38   9.78737289488932e+38    9.83299235420182e+38    9.852982550180133e+38   9.81559471830287e+38    9.674335687134237e+38   9.569243265499174e+38   9.541532047082509e+38   9.479788063352352e+38   9.342026248473179e+38   8.515224302283328e+38  
0.0470238814195692      7.241694809305894e+39   7.241699548534451e+39   7.241712675700677e+39   7.24173549747742e+39    7.241801654862005e+39   7.241798964110971e+39   7.240808175626044e+39   7.228454291213449e+39   7.212266938600374e+39   7.195626029414006e+39   7.210695541886084e+39   7.244303728617726e+39   7.259031232435604e+39   7.231486343726272e+39   7.127414029435746e+39   7.049987225343851e+39   7.029570664307027e+39   6.984085601481892e+39   6.882606063503817e+39   6.273482999818762e+39  
0.0470238814195692      5.335313712525805e+40   5.335317562191343e+40   5.335326986065774e+40   5.335343403164707e+40   5.335391884853233e+40   5.335390491851489e+40   5.334661208933752e+40   5.325559364591394e+40   5.313632044438582e+40   5.301371329993525e+40   5.312472878640031e+40   5.337234560778778e+40   5.34808548860937e+40    5.327792214122166e+40   5.251119809906011e+40   5.194077808281755e+40   5.179037093664128e+40   5.145522190511875e+40   5.070748453096457e+40   4.621972873356554e+40  
0.0470238814195692      3.930813968916007e+41   3.930816740842817e+41   3.930823758610602e+41   3.930836085288988e+41   3.930871961234263e+41   3.930870636355536e+41   3.930332972392554e+41   3.923627345612384e+41   3.914840286622526e+41   3.905807572486491e+41   3.913987366006683e+41   3.932229076052087e+41   3.940222576637327e+41   3.925271830271427e+41   3.868783580697495e+41   3.826758327847832e+41   3.815676465799735e+41   3.790981056266577e+41   3.735888736073035e+41   3.405255903578399e+41  
0.0470238814195692      2.89585435721788e+42    2.895856490599131e+42   2.895861609312498e+42   2.895870662408964e+42   2.895897072245583e+42   2.895896148974112e+42   2.895500082218792e+42   2.890559713796141e+42   2.884085653671188e+42   2.877431202789228e+42   2.883456950305368e+42   2.896897083626392e+42   2.902786446097362e+42   2.891771849135772e+42   2.850155145347641e+42   2.819193887824756e+42   2.811029260305659e+42   2.792840614424378e+42   2.752259844157302e+42   2.508679260578367e+42  
0.0470238814195692      2.133486550073271e+43   2.133488085020168e+43   2.133491856083258e+43   2.133498390166887e+43   2.133517761959714e+43   2.13351723544135e+43    2.133225632047002e+43   2.129585800211336e+43   2.124816050783072e+43   2.119913105854648e+43   2.124352669176166e+43   2.134254114718739e+43   2.1385930414423e+43     2.13047790464645e+43    2.099817590863049e+43   2.077007276443729e+43   2.070993094069418e+43   2.05759187191112e+43    2.027691588323071e+43   1.848233799145175e+43  
0.0470238814195692      1.571859620494551e+44   1.571860737897644e+44   1.571863534887773e+44   1.571868460958354e+44   1.57188280328616e+44    1.571882277897701e+44   1.571667266269606e+44   1.568985683424739e+44   1.565471836585848e+44   1.561859718237422e+44   1.565130429154683e+44   1.572425519083063e+44   1.575622240032592e+44   1.56964373068884e+44    1.547054867432006e+44   1.530249415109058e+44   1.525817901694464e+44   1.515943097096284e+44   1.493913274753643e+44   1.36169867455859e+44   
0.0470238814195692      1.158060783211203e+45   1.158061542838579e+45   1.158063640050809e+45   1.158067288400615e+45   1.158077866438406e+45   1.158077436730371e+45   1.15791897957991e+45    1.155943308364919e+45   1.153354542280579e+45   1.150693555720573e+45   1.15310341284391e+45    1.158477609977316e+45   1.160832644695324e+45   1.156427934948259e+45   1.139785778623492e+45   1.127404535421213e+45   1.124139554491498e+45   1.116864988132438e+45   1.100636063411285e+45   1.003229132753175e+45  
0.0470238814195692      8.53152041601922e+45    8.531526786536511e+45   8.531541831670595e+45   8.531568482897775e+45   8.531646278255861e+45   8.531643594672383e+45   8.530476717219058e+45   8.515921391398097e+45   8.496847628497197e+45   8.477242319369863e+45   8.49499549434162e+45    8.534591617410666e+45   8.55194245891313e+45    8.519492269412904e+45   8.39688461732491e+45    8.305668549360032e+45   8.281615991128619e+45   8.228025517804841e+45   8.108459760262965e+45   7.390833246499236e+45  
0.0470238814195692      6.285543183721475e+46   6.285548057693147e+46   6.285558990189684e+46   6.285578550272065e+46   6.285635797269682e+46   6.285634041939965e+46   6.284774596221155e+46   6.274051263795879e+46   6.2599987224446e+46     6.245554579971657e+46   6.258633801417794e+46   6.287804700198447e+46   6.300587141018484e+46   6.276679697830837e+46   6.186350666930423e+46   6.119148967960039e+46   6.101427138340114e+46   6.061942920549564e+46   5.973850352572473e+46   5.445146666997427e+46  
0.0470238814195692      4.630792908393153e+47   4.630796215528916e+47   4.630804438681879e+47   4.630818939237869e+47   4.630861186464057e+47   4.630859654272073e+47   4.630226202792751e+47   4.622325791714598e+47   4.61197337080123e+47    4.601331541796024e+47   4.61096742220603e+47    4.632459611991969e+47   4.64187740228191e+47    4.624263977517054e+47   4.557714811654378e+47   4.508204705433374e+47   4.49514985561104e+47    4.46606430273662e+47    4.401170781045513e+47   4.011661191246239e+47  
0.0470238814195692      3.411771002663721e+48   3.411773227810578e+48   3.411779412216751e+48   3.411790161913473e+48   3.411821327437053e+48   3.411820047304272e+48   3.411353191096421e+48   3.405532553370882e+48   3.397905662309044e+48   3.390065876745317e+48   3.397165822169826e+48   3.412998761251712e+48   3.419936983564986e+48   3.406960265391821e+48   3.357930761251668e+48   3.321454162543785e+48   3.311834826584423e+48   3.290400838023614e+48   3.242584917716131e+48   2.955609533923012e+48  
0.0470238814195692      2.513487342544159e+49   2.513489218529276e+49   2.513493651704178e+49   2.513501500754534e+49   2.513524417845499e+49   2.513523629124074e+49   2.513179843282634e+49   2.50889161851591e+49    2.503272181409258e+49   2.49749616347535e+49    2.502726478611571e+49   2.514391927719975e+49   2.519503660236925e+49   2.509943480841265e+49   2.473821967687e+49      2.446948917186565e+49   2.439862913588139e+49   2.424074688203572e+49   2.388848324381578e+49   2.177427506071658e+49  
0.0470238814195692      1.85176899385463e+50    1.851770284210037e+50   1.851773603196035e+50   1.85177941813176e+50    1.851796327725456e+50   1.851795684575318e+50   1.851542331498897e+50   1.848383016120279e+50   1.844243131227978e+50   1.839987809638547e+50   1.843841361687182e+50   1.852435357034603e+50   1.856201251902134e+50   1.849157823887824e+50   1.82254560355827e+50    1.802747142543128e+50   1.797526479161467e+50   1.785895673111734e+50   1.759946220713679e+50   1.60418772508152e+50   
0.0470238814195692      1.364326763490225e+51   1.364327795302059e+51   1.364330187075664e+51   1.364334443056174e+51   1.364346877873812e+51   1.364346474199371e+51   1.36415989323972e+51    1.361832342083862e+51   1.358782316356639e+51   1.355647062176452e+51   1.358485839083998e+51   1.364817656734158e+51   1.367592265975192e+51   1.362403192506702e+51   1.342797162055079e+51   1.328210915887195e+51   1.324364605165263e+51   1.315793291328185e+51   1.296671982998963e+51   1.181914147749666e+51  
0.0470238814195692      1.005108750543508e+52   1.005109501994613e+52   1.005111257408237e+52   1.005114338195098e+52   1.005123466113148e+52   1.005123231961161e+52   1.004985858238939e+52   1.003271049563305e+52   1.001023870133239e+52   9.987139736822602e+51   1.000805566648481e+52   1.00547019456625e+52    1.007514216529482e+52   1.003691090198115e+52   9.892466798722857e+51   9.7850052402312e+51     9.756671534075239e+51   9.693535789070437e+51   9.552669467750487e+51   8.707227190357776e+51  
0.0470238814195692      7.404967478549917e+52   7.404972755242922e+52   7.404985912108585e+52   7.405009095377804e+52   7.405076623914322e+52   7.405074198490087e+52   7.404061213084798e+52   7.391427349404213e+52   7.374872148753304e+52   7.357855474704471e+52   7.373264771759685e+52   7.407632279315519e+52   7.422692476255456e+52   7.394526889763416e+52   7.288108852636143e+52   7.208936721618043e+52   7.188057384165587e+52   7.141546644861201e+52   7.037778204456583e+52   6.414919256980295e+52  
0.0470238814195692      5.455535592028363e+53   5.455539116183905e+53   5.455548942116784e+53   5.45556606541664e+53    5.455615818476652e+53   5.455613857839984e+53   5.454867428298497e+53   5.445559483031267e+53   5.43336320918335e+53    5.420826775988551e+53   5.432179649944104e+53   5.457498532064127e+53   5.468593703966285e+53   5.447842555660236e+53   5.369440122639034e+53   5.311110370616115e+53   5.295730463656994e+53   5.261464070329854e+53   5.185007955684375e+53   4.726117157718293e+53  
0.0470238814195692      4.019417519940833e+54   4.019420134539969e+54   4.019427434089371e+54   4.019440098631706e+54   4.019476820718601e+54   4.019475297768847e+54   4.018925249080105e+54   4.012067798282873e+54   4.00308270615994e+54    3.993846544520826e+54   4.002210255259362e+54   4.020864348242917e+54   4.029038934015262e+54   4.013751179214575e+54   3.955988960379366e+54   3.913015412661693e+54   3.901682465573525e+54   3.876432252938059e+54   3.820099699023388e+54   3.48201334996283e+54   
0.0470238814195692      2.96126032869584e+55    2.961262578534225e+55   2.961267717618666e+55   2.961276715338097e+55   2.961303557129854e+55   2.961302954032071e+55   2.960898354513886e+55   2.955846301133598e+55   2.949225662330661e+55   2.942420365314039e+55   2.948582424763302e+55   2.962325003502218e+55   2.968346925432431e+55   2.957083531576809e+55   2.914528911283648e+55   2.882869541393923e+55   2.874520414512818e+55   2.855917607231422e+55   2.81441783598185e+55    2.565338823755172e+55  
0.0470238814195692      2.181592071047566e+56   2.181593693719444e+56   2.181597508869123e+56   2.181604168357697e+56   2.181623964866693e+56   2.181623473736158e+56   2.181325319042248e+56   2.177603226807453e+56   2.172725564145365e+56   2.167711965171813e+56   2.172251530588885e+56   2.182376703087633e+56   2.186813575814932e+56   2.178515559695135e+56   2.14716403487273e+56    2.123839484153734e+56   2.117689140022034e+56   2.103985656118741e+56   2.073411067222074e+56   1.889906452691798e+56  
0.0470238814195692      1.607268780329501e+57   1.607270034011884e+57   1.607272814517784e+57   1.607277699995105e+57   1.607292270951085e+57   1.607291951020152e+57   1.607072344805986e+57   1.604330195662131e+57   1.600736604337991e+57   1.597042860663201e+57   1.600387335762204e+57   1.607846656743359e+57   1.611115298625561e+57   1.605001799764486e+57   1.581903922060656e+57   1.564719757798222e+57   1.560188760908303e+57   1.55009203388234e+57    1.527565895024138e+57   1.392371280167392e+57  
0.0470238814195692      1.184156439528444e+58   1.184157245666686e+58   1.184159364827817e+58   1.184163082506621e+58   1.184173887145661e+58   1.18417347883186e+58    1.184011471577734e+58   1.181991192102474e+58   1.179344007706245e+58   1.176622842203749e+58   1.179086871079289e+58   1.184582606901225e+58   1.186990915266801e+58   1.182486953583047e+58   1.165469640651698e+58   1.152809240669422e+58   1.149470791227386e+58   1.142032840392457e+58   1.12543851912459e+58    1.025836028159793e+58  
0.0470238814195692      8.724231570067222e+58   8.724238145638141e+58   8.724253346621047e+58   8.724280108357723e+58   8.724359336782387e+58   8.724357291688317e+58   8.723164896921691e+58   8.708280946800614e+58   8.688776139908556e+58   8.668727285200639e+58   8.686881376316138e+58   8.727368390621942e+58   8.745109704163797e+58   8.711926722880283e+58   8.586555483724854e+58   8.493283078538153e+58   8.468687905253945e+58   8.413876986396007e+58   8.291603041739446e+58   7.557775911730519e+58  
0.0470238814195692      6.427264532655089e+59   6.427269547665523e+59   6.427280709356623e+59   6.427300695928066e+59   6.427359218651528e+59   6.427357438553818e+59   6.426478569206217e+59   6.415513019699103e+59   6.401143029765786e+59   6.386372736624253e+59   6.399746997067935e+59   6.429576898475799e+59   6.442648131959355e+59   6.418201759615327e+59   6.325835656456279e+59   6.257118323347162e+59   6.23899838881128e+59    6.198624221351578e+59   6.108545536795729e+59   5.567919069681971e+59  
0.0470238814195692      4.735178040421528e+60   4.73518158932768e+60    4.73518991402603e+60    4.73520470064375e+60    4.735247873210461e+60   4.735246454206428e+60   4.734598827861198e+60   4.726520147876847e+60   4.715933594709801e+60   4.705051819142183e+60   4.714905458789171e+60   4.736881252053852e+60   4.7465109343389e+60     4.728500182875106e+60   4.660450549815028e+60   4.609824434044442e+60   4.596474166927928e+60   4.566733408279097e+60   4.50037683283594e+60    4.102084962802293e+60  
0.0470238814195692      3.488637157030592e+61   3.488639663483499e+61   3.488645885629462e+61   3.488656827958388e+61   3.488688675777479e+61   3.488687495606725e+61   3.488210222842063e+61   3.482258335703119e+61   3.47445925148751e+61    3.46644226334209e+61    3.473701588442526e+61   3.489892638822852e+61   3.496987604707385e+61   3.483718600221035e+61   3.433583725180052e+61   3.396285112512053e+61   3.386449369401932e+61   3.364534571121608e+61   3.315642563792212e+61   3.022199954621274e+61  
0.0470238814195692      2.570265042754819e+62   2.570266884864528e+62   2.570271448517785e+62   2.570279496970779e+62   2.570302946303835e+62   2.570302107985364e+62   2.569950524386997e+62   2.565565550572713e+62   2.559819497934836e+62   2.553913183140959e+62   2.559261753856494e+62   2.571189600502607e+62   2.576416357643577e+62   2.566640426733653e+62   2.529704204207196e+62   2.502224936806137e+62   2.49497815317062e+62    2.478830784391093e+62   2.442807138065221e+62   2.22661395317981e+62   
0.0470238814195692      1.893520036315126e+63   1.893521439945494e+63   1.893524757416844e+63   1.893530549651048e+63   1.893547741283242e+63   1.893547300613858e+63   1.893288493480323e+63   1.890057878979144e+63   1.885824287170484e+63   1.88147264739893e+63    1.885412840291229e+63   1.894201034053972e+63   1.898052042137362e+63   1.890849735222535e+63   1.863637910028387e+63   1.843393172362846e+63   1.838055078745773e+63   1.826161632534347e+63   1.79962653726629e+63    1.640355264697592e+63  
0.0470238814195692      1.395032452400409e+64   1.395033544982359e+64   1.395035955426067e+64   1.39504024120993e+64    1.395052912890433e+64   1.395052594230406e+64   1.394861925174071e+64   1.392481866237918e+64   1.38936281113885e+64    1.386156831467563e+64   1.389059699211992e+64   1.395534055428014e+64   1.398371069229965e+64   1.393064866253354e+64   1.373016909697208e+64   1.358101853305213e+64   1.354168684749077e+64   1.345405808644551e+64   1.325854835542469e+64   1.208512039841177e+64  
0.0470238814195692      1.027818556450757e+65   1.027819278234433e+65   1.027821109663755e+65   1.027824331810912e+65   1.027833708346718e+65   1.0278333654972e+65     1.027692761458129e+65   1.025939255137198e+65   1.023641586892067e+65   1.021279749973768e+65   1.023418358260912e+65   1.028188417776289e+65   1.030278721051075e+65   1.026369500851551e+65   1.011599252937007e+65   1.000610641236758e+65   9.977127747628108e+64   9.912556425740109e+64   9.768502639091108e+64   8.903973601840324e+64  
0.0470238814195692      7.571962903923517e+65   7.571967868527312e+65   7.571981585689806e+65   7.572005425012526e+65   7.572074587936736e+65   7.572071777062182e+65   7.571035602901886e+65   7.558116722587043e+65   7.541188993173889e+65   7.523788947274015e+65   7.539546691294197e+65   7.574687246609536e+65   7.590086213858561e+65   7.561284861312423e+65   7.452465856895724e+65   7.371507865873483e+65   7.350160464336557e+65   7.302602065947819e+65   7.196494684089175e+65   6.559591330174691e+65  
0.0470238814195692      5.578735706319616e+66   5.578739660479352e+66   5.578749597997986e+66   5.578767093827861e+66   5.578818009862613e+66   5.578816141514952e+66   5.57805295231885e+66    5.568535217901709e+66   5.556063310570315e+66   5.543243780224134e+66   5.554852268431576e+66   5.580743091882625e+66   5.592088580255118e+66   5.570870215802392e+66   5.490700177728283e+66   5.431056317274671e+66   5.415326953262059e+66   5.380280642145437e+66   5.302094279394502e+66   4.832845886808025e+66  
0.0470238814195692      4.110098979078361e+67   4.110101956606655e+67   4.110109270566473e+67   4.110122145926347e+67   4.110159655887261e+67   4.110158294431484e+67   4.109596051268774e+67   4.102584057144101e+67   4.093395473813583e+67   4.083950725549129e+67   4.092503533328077e+67   4.111577508119459e+67   4.119935753156907e+67   4.104303288033331e+67   4.045238926205203e+67   4.001297205224116e+67   3.989708749593287e+67   3.963886818732127e+67   3.906281584203714e+67   3.560568737212659e+67  
0.0470238814195692      3.027958194530892e+68   3.027960508133255e+68   3.027965754569516e+68   3.027974983708898e+68   3.028002444405461e+68   3.028001805367416e+68   3.027588042682855e+68   3.02242206788592e+68    3.015652326367613e+68   3.008693387666563e+68   3.014993833843171e+68   3.02904717857131e+68    3.035205289583974e+68   3.023688109658277e+68   2.98017391544915e+68    2.947800607028141e+68   2.939264386575848e+68   2.920244654814835e+68   2.877811710891777e+68   2.62312027344787e+68   
0.0470238814195692      2.230797452406444e+69   2.230799143155145e+69   2.23080304905467e+69    2.230810004824616e+69   2.230830334369365e+69   2.23082968246263e+69    2.230524601114584e+69   2.226718647309627e+69   2.221731188730667e+69   2.216604684881811e+69   2.221246802343571e+69   2.231599692795832e+69   2.236136233265375e+69   2.227651128003029e+69   2.195592193191194e+69   2.171741599297726e+69   2.165452686184275e+69   2.151440265965847e+69   2.120176292886217e+69   1.932533918593523e+69  
0.0470238814195692      1.643507768994587e+70   1.643509012953096e+70   1.643511869741787e+70   1.643516896550321e+70   1.643531811729803e+70   1.643531442195723e+70   1.643306827222691e+70   1.640502802055508e+70   1.636828201683435e+70   1.633051232843116e+70   1.636471040810824e+70   1.644098853752771e+70   1.647441352378693e+70   1.641190066625799e+70   1.617571398345097e+70   1.599999775407749e+70   1.595366080380526e+70   1.585041853634306e+70   1.562007769904743e+70   1.423764451195812e+70  
0.0470238814195692      1.210835914801187e+71   1.210836873236545e+71   1.210838956853677e+71   1.210842631793226e+71   1.210853604028027e+71   1.210853374622338e+71   1.210687947944889e+71   1.20862214322026e+71    1.205914860155603e+71   1.203132146373186e+71   1.205651722526708e+71   1.211271219854243e+71   1.213733625196479e+71   1.209128011572373e+71   1.191727303866394e+71   1.178781763634002e+71   1.175368249283334e+71   1.167762819162317e+71   1.150794547114273e+71   1.0489470969742e+71    
0.0470238814195692      8.920956550420239e+71   8.920963236977795e+71   8.92097881781259e+71    8.921006637696973e+71   8.921087906584763e+71   8.921085289206884e+71   8.919865333583879e+71   8.904645777058665e+71   8.884701368282482e+71   8.864201354330582e+71   8.88276400938177e+71    8.924166450204185e+71   8.942308790542664e+71   8.908378643186727e+71   8.780180117196119e+71   8.684804447085249e+71   8.659651948586637e+71   8.603607178205335e+71   8.478577365128342e+71   7.728205686963111e+71  
0.0470238814195692      6.572148694159373e+72   6.572153441051675e+72   6.572165046477654e+72   6.572185135740472e+72   6.572244786860348e+72   6.572243203445482e+72   6.571344917632095e+72   6.560132062125371e+72   6.545438973103676e+72   6.530335229126089e+72   6.5440110292161e+72     6.574511617868259e+72   6.587877401801582e+72   6.56287878278134e+72    6.468430301998354e+72   6.398162845894234e+72   6.37963493582987e+72    6.338350608625462e+72   6.246242331147335e+72   5.693429244398882e+72  
0.0470238814195692      4.841933682860981e+73   4.841937510681122e+73   4.84194586113514e+73    4.841960708151649e+73   4.842004670208338e+73   4.842003592612144e+73   4.841341835647177e+73   4.833080937964497e+73   4.822255078723142e+73   4.811127486064412e+73   4.821202561245321e+73   4.843674884432694e+73   4.853522105757842e+73   4.835105286956452e+73   4.765522295849109e+73   4.713754954552495e+73   4.700104403705873e+73   4.669691733149593e+73   4.601837733839243e+73   4.194564581278226e+73  
0.0470238814195692      3.567277794769635e+74   3.567280447058267e+74   3.56728673881163e+74    3.567297881107249e+74   3.567330408622457e+74   3.56732928397505e+74    3.566841363253843e+74   3.560755282002175e+74   3.552779901441625e+74   3.544582446645664e+74   3.55200568203934e+74    3.568561097657237e+74   3.575815561762534e+74   3.562247263491837e+74   3.510982207883465e+74   3.472842725917512e+74   3.4627848147256e+74     3.440376160815374e+74   3.390381837853881e+74   3.090323780682197e+74  
0.0470238814195692      2.628214847640496e+75   2.628216726227121e+75   2.628221392754296e+75   2.628229624615844e+75   2.628253601703433e+75   2.628252731142355e+75   2.627893212414968e+75   2.623409327139626e+75   2.617533633891352e+75   2.611494329030169e+75   2.616963172420409e+75   2.629160725904982e+75   2.634505682095266e+75   2.624509506899782e+75   2.586740593681821e+75   2.558641761176903e+75   2.55123196532965e+75    2.534720390144883e+75   2.497884759015992e+75   2.276817397822927e+75  
0.0470238814195692      1.936216752841522e+76   1.936218026387011e+76   1.936221531114679e+76   1.936227630696074e+76   1.936245316999346e+76   1.936244596924294e+76   1.935979636540445e+76   1.932676157732418e+76   1.928347531841517e+76   1.923898175067332e+76   1.927927611426907e+76   1.936913376865925e+76   1.940851014677561e+76   1.933486252192086e+76   1.905660277203361e+76   1.884958629153286e+76   1.879499999639644e+76   1.867339128825896e+76   1.840206483408472e+76   1.677344603051657e+76  
0.0470238814195692      1.426491129830352e+77   1.426492188021824e+77   1.426494686961339e+77   1.42649903515555e+77    1.426511977950454e+77   1.426511661034284e+77   1.426316710065366e+77   1.423882921629493e+77   1.420693531491244e+77   1.417415282581783e+77   1.420383536340535e+77   1.427004093761908e+77   1.429905262404666e+77   1.424479415874597e+77   1.403979462089507e+77   1.38872808476991e+77    1.384706520176004e+77   1.375745691394421e+77   1.35575367775386e+77    1.235764618900188e+77  
0.0470238814195692      1.050975979373083e+78   1.050976762644072e+78   1.050978617023662e+78   1.050981899428535e+78   1.050991482610351e+78   1.050991154191643e+78   1.050847410589163e+78   1.049054408840848e+78   1.046704889750679e+78   1.044289726307615e+78   1.046476660264869e+78   1.051354072388482e+78   1.053491326583287e+78   1.049493953445182e+78   1.034390666013029e+78   1.02315440141683e+78    1.020191643601386e+78   1.013589385811468e+78   9.988596428261053e+77   9.104584718592381e+77  
0.0470238814195692      7.742984955613515e+78   7.742990242777401e+78   7.743004212618656e+78   7.743028545739753e+78   7.743099245390445e+78   7.743096436102223e+78   7.742036940995843e+78   7.728826681597595e+78   7.711516767938897e+78   7.6937243941266e+78     7.709836634652231e+78   7.745771595090721e+78   7.761518877276447e+78   7.732068862771205e+78   7.620796945399096e+78   7.538014175138188e+78   7.516183743441207e+78   7.467542675310454e+78   7.359033456660907e+78   6.707754701941638e+78  
0.0470238814195692      5.704327867748787e+79   5.704332159097369e+79   5.704342099648106e+79   5.70435956359926e+79    5.704411350193722e+79   5.704410046191989e+79   5.70363042674876e+79    5.693898172211889e+79   5.681144356668156e+79   5.668035135322555e+79   5.679905245831527e+79   5.706378708268509e+79   5.717979245349679e+79   5.696281680816748e+79   5.614304849427762e+79   5.55331670678865e+79    5.537235557321649e+79   5.501404496902551e+79   5.421459991535963e+79   4.941641042165253e+79  
0.0470238814195692      4.202613987731055e+80   4.202616855323663e+80   4.202624327310782e+80   4.202637284539439e+80   4.202675471146515e+80   4.202674267222142e+80   4.202099640662469e+80   4.19492929457917e+80    4.185533509267021e+80   4.175875857524456e+80   4.184620804592195e+80   4.204125684605474e+80   4.212673112239302e+80   4.196687773443849e+80   4.136292176096226e+80   4.091358843481683e+80   4.079511338141781e+80   4.053111740895501e+80   3.99421182545178e+80    3.640710417552568e+80  
0.0470238814195692      3.096277700724654e+81   3.09627989127802e+81    3.096285403941379e+81   3.096295104560448e+81   3.096323346863307e+81   3.09632232502237e+81    3.095898767381833e+81   3.090616298649358e+81   3.083694546878216e+81   3.076579181934913e+81   3.083022145553511e+81   3.097391475920108e+81   3.103688265915395e+81   3.091911441886541e+81   3.047415351553156e+81   3.014311533810037e+81   3.005582090826345e+81   2.986132746536206e+81   2.942742718514485e+81   2.682306958007452e+81  
0.0470238814195692      2.281183748372797e+82   2.281185449018701e+82   2.28118947134476e+82    2.281196593421414e+82   2.281217391010081e+82   2.281216678655733e+82   2.280904676263692e+82   2.277012871552357e+82   2.271912970852762e+82   2.266671063718444e+82   2.271417726063881e+82   2.282004705915215e+82   2.28664389117688e+82    2.277967629077599e+82   2.245185826375384e+82   2.220797354545207e+82   2.214365970804575e+82   2.200034997114733e+82   2.168063608488915e+82   1.976185742245829e+82  
0.0470238814195692      1.680571563783962e+83   1.680572725694981e+83   1.680575745971763e+83   1.68058102217794e+83    1.680596362861012e+83   1.680595773166675e+83   1.68036583423363e+83    1.677498561254169e+83   1.673741438719854e+83   1.669879568817049e+83   1.673376827255699e+83   1.68117608376566e+83    1.684593808052788e+83   1.678201532308846e+83   1.654049762381057e+83   1.636081592109923e+83   1.631343103957154e+83   1.620786524565141e+83   1.597233638060604e+83   1.455873588578291e+83  
